5456,1,BLOCK1:MAINAREA IDEAL LOADS AIR,Zone Ideal Loads Supply Air Total Heating Rate [W] !TimeStep,2,6,Day of Simulation[],Month[],Day of Month[],DST Indicator[1=yes 0=no],Hour[],StartMinute[],EndMinute[],DayType
5456,0.0,2,1, 7,29, 1, 1, 0.00, 5.00,Monday         
5456,0.0,2,1, 7,29, 1, 1, 5.00,10.00,Monday         
5456,0.0,2,1, 7,29, 1, 1,10.00,15.00,Monday         
5456,0.0,2,1, 7,29, 1, 1,15.00,20.00,Monday         
5456,0.0,2,1, 7,29, 1, 1,20.00,25.00,Monday         
5456,0.0,2,1, 7,29, 1, 1,25.00,30.00,Monday         
5456,0.0,2,1, 7,29, 1, 1,30.00,35.00,Monday         
5456,0.0,2,1, 7,29, 1, 1,35.00,40.00,Monday         
5456,0.0,2,1, 7,29, 1, 1,40.00,45.00,Monday         
5456,0.0,2,1, 7,29, 1, 1,45.00,50.00,Monday         
5456,0.0,2,1, 7,29, 1, 1,50.00,55.00,Monday         
5456,0.0,2,1, 7,29, 1, 1,55.00,60.00,Monday         
5456,0.0,2,1, 7,29, 1, 2, 0.00, 5.00,Monday         
5456,0.0,2,1, 7,29, 1, 2, 5.00,10.00,Monday         
5456,0.0,2,1, 7,29, 1, 2,10.00,15.00,Monday         
5456,0.0,2,1, 7,29, 1, 2,15.00,20.00,Monday         
5456,0.0,2,1, 7,29, 1, 2,20.00,25.00,Monday         
5456,0.0,2,1, 7,29, 1, 2,25.00,30.00,Monday         
5456,0.0,2,1, 7,29, 1, 2,30.00,35.00,Monday         
5456,0.0,2,1, 7,29, 1, 2,35.00,40.00,Monday         
5456,0.0,2,1, 7,29, 1, 2,40.00,45.00,Monday         
5456,0.0,2,1, 7,29, 1, 2,45.00,50.00,Monday         
5456,0.0,2,1, 7,29, 1, 2,50.00,55.00,Monday         
5456,0.0,2,1, 7,29, 1, 2,55.00,60.00,Monday         
5456,0.0,2,1, 7,29, 1, 3, 0.00, 5.00,Monday         
5456,0.0,2,1, 7,29, 1, 3, 5.00,10.00,Monday         
5456,0.0,2,1, 7,29, 1, 3,10.00,15.00,Monday         
5456,0.0,2,1, 7,29, 1, 3,15.00,20.00,Monday         
5456,0.0,2,1, 7,29, 1, 3,20.00,25.00,Monday         
5456,0.0,2,1, 7,29, 1, 3,25.00,30.00,Monday         
5456,0.0,2,1, 7,29, 1, 3,30.00,35.00,Monday         
5456,0.0,2,1, 7,29, 1, 3,35.00,40.00,Monday         
5456,0.0,2,1, 7,29, 1, 3,40.00,45.00,Monday         
5456,0.0,2,1, 7,29, 1, 3,45.00,50.00,Monday         
5456,0.0,2,1, 7,29, 1, 3,50.00,55.00,Monday         
5456,0.0,2,1, 7,29, 1, 3,55.00,60.00,Monday         
5456,0.0,2,1, 7,29, 1, 4, 0.00, 5.00,Monday         
5456,0.0,2,1, 7,29, 1, 4, 5.00,10.00,Monday         
5456,0.0,2,1, 7,29, 1, 4,10.00,15.00,Monday         
5456,0.0,2,1, 7,29, 1, 4,15.00,20.00,Monday         
5456,0.0,2,1, 7,29, 1, 4,20.00,25.00,Monday         
5456,0.0,2,1, 7,29, 1, 4,25.00,30.00,Monday         
5456,0.0,2,1, 7,29, 1, 4,30.00,35.00,Monday         
5456,0.0,2,1, 7,29, 1, 4,35.00,40.00,Monday         
5456,0.0,2,1, 7,29, 1, 4,40.00,45.00,Monday         
5456,0.0,2,1, 7,29, 1, 4,45.00,50.00,Monday         
5456,0.0,2,1, 7,29, 1, 4,50.00,55.00,Monday         
5456,0.0,2,1, 7,29, 1, 4,55.00,60.00,Monday         
5456,3463.36290996895,2,1, 7,29, 1, 5, 0.00, 5.00,Monday         
5456,1705.82215012585,2,1, 7,29, 1, 5, 5.00,10.00,Monday         
5456,1823.19134132463,2,1, 7,29, 1, 5,10.00,15.00,Monday         
5456,1741.72533784079,2,1, 7,29, 1, 5,15.00,20.00,Monday         
5456,1641.40134959847,2,1, 7,29, 1, 5,20.00,25.00,Monday         
5456,1627.38994220462,2,1, 7,29, 1, 5,25.00,30.00,Monday         
5456,1616.20689352879,2,1, 7,29, 1, 5,30.00,35.00,Monday         
5456,1606.68440011832,2,1, 7,29, 1, 5,35.00,40.00,Monday         
5456,1598.44147477082,2,1, 7,29, 1, 5,40.00,45.00,Monday         
5456,1591.22201697299,2,1, 7,29, 1, 5,45.00,50.00,Monday         
5456,1584.98517322793,2,1, 7,29, 1, 5,50.00,55.00,Monday         
5456,1579.1720317877,2,1, 7,29, 1, 5,55.00,60.00,Monday         
5456,2550.96657604972,2,1, 7,29, 1, 6, 0.00, 5.00,Monday         
5456,2529.10766152346,2,1, 7,29, 1, 6, 5.00,10.00,Monday         
5456,2507.80976029353,2,1, 7,29, 1, 6,10.00,15.00,Monday         
5456,2485.83391129643,2,1, 7,29, 1, 6,15.00,20.00,Monday         
5456,2464.73718589503,2,1, 7,29, 1, 6,20.00,25.00,Monday         
5456,2444.04134128699,2,1, 7,29, 1, 6,25.00,30.00,Monday         
5456,2422.05727954457,2,1, 7,29, 1, 6,30.00,35.00,Monday         
5456,2398.92072389155,2,1, 7,29, 1, 6,35.00,40.00,Monday         
5456,2375.15676638976,2,1, 7,29, 1, 6,40.00,45.00,Monday         
5456,2351.57279916498,2,1, 7,29, 1, 6,45.00,50.00,Monday         
5456,2327.33400646184,2,1, 7,29, 1, 6,50.00,55.00,Monday         
5456,2303.00548794533,2,1, 7,29, 1, 6,55.00,60.00,Monday         
5456,1868.3307823055,2,1, 7,29, 1, 7, 0.00, 5.00,Monday         
5456,1832.31169863586,2,1, 7,29, 1, 7, 5.00,10.00,Monday         
5456,1793.27855858987,2,1, 7,29, 1, 7,10.00,15.00,Monday         
5456,1758.50499523542,2,1, 7,29, 1, 7,15.00,20.00,Monday         
5456,1724.23028222345,2,1, 7,29, 1, 7,20.00,25.00,Monday         
5456,1690.84588264655,2,1, 7,29, 1, 7,25.00,30.00,Monday         
5456,1655.80289313723,2,1, 7,29, 1, 7,30.00,35.00,Monday         
5456,1621.08079395539,2,1, 7,29, 1, 7,35.00,40.00,Monday         
5456,1583.89530228672,2,1, 7,29, 1, 7,40.00,45.00,Monday         
5456,1545.99210544105,2,1, 7,29, 1, 7,45.00,50.00,Monday         
5456,1507.76731731482,2,1, 7,29, 1, 7,50.00,55.00,Monday         
5456,1468.54354099335,2,1, 7,29, 1, 7,55.00,60.00,Monday         
5456,1079.56910085221,2,1, 7,29, 1, 8, 0.00, 5.00,Monday         
5456,1045.73024604579,2,1, 7,29, 1, 8, 5.00,10.00,Monday         
5456,1011.183554284,2,1, 7,29, 1, 8,10.00,15.00,Monday         
5456,975.306403278641,2,1, 7,29, 1, 8,15.00,20.00,Monday         
5456,939.367859783488,2,1, 7,29, 1, 8,20.00,25.00,Monday         
5456,902.79739315603,2,1, 7,29, 1, 8,25.00,30.00,Monday         
5456,867.045362628229,2,1, 7,29, 1, 8,30.00,35.00,Monday         
5456,826.023067234883,2,1, 7,29, 1, 8,35.00,40.00,Monday         
5456,787.717669532828,2,1, 7,29, 1, 8,40.00,45.00,Monday         
5456,750.165787357506,2,1, 7,29, 1, 8,45.00,50.00,Monday         
5456,713.045428223327,2,1, 7,29, 1, 8,50.00,55.00,Monday         
5456,675.671924239767,2,1, 7,29, 1, 8,55.00,60.00,Monday         
5456,484.085079879837,2,1, 7,29, 1, 9, 0.00, 5.00,Monday         
5456,355.156579406063,2,1, 7,29, 1, 9, 5.00,10.00,Monday         
5456,227.100421980541,2,1, 7,29, 1, 9,10.00,15.00,Monday         
5456,99.3731626907079,2,1, 7,29, 1, 9,15.00,20.00,Monday         
5456,0.0,2,1, 7,29, 1, 9,20.00,25.00,Monday         
5456,0.0,2,1, 7,29, 1, 9,25.00,30.00,Monday         
5456,0.0,2,1, 7,29, 1, 9,30.00,35.00,Monday         
5456,0.0,2,1, 7,29, 1, 9,35.00,40.00,Monday         
5456,0.0,2,1, 7,29, 1, 9,40.00,45.00,Monday         
5456,0.0,2,1, 7,29, 1, 9,45.00,50.00,Monday         
5456,0.0,2,1, 7,29, 1, 9,50.00,55.00,Monday         
5456,0.0,2,1, 7,29, 1, 9,55.00,60.00,Monday         
5456,0.0,2,1, 7,29, 1,10, 0.00, 5.00,Monday         
5456,0.0,2,1, 7,29, 1,10, 5.00,10.00,Monday         
5456,0.0,2,1, 7,29, 1,10,10.00,15.00,Monday         
5456,0.0,2,1, 7,29, 1,10,15.00,20.00,Monday         
5456,0.0,2,1, 7,29, 1,10,20.00,25.00,Monday         
5456,0.0,2,1, 7,29, 1,10,25.00,30.00,Monday         
5456,0.0,2,1, 7,29, 1,10,30.00,35.00,Monday         
5456,0.0,2,1, 7,29, 1,10,35.00,40.00,Monday         
5456,0.0,2,1, 7,29, 1,10,40.00,45.00,Monday         
5456,0.0,2,1, 7,29, 1,10,45.00,50.00,Monday         
5456,0.0,2,1, 7,29, 1,10,50.00,55.00,Monday         
5456,0.0,2,1, 7,29, 1,10,55.00,60.00,Monday         
5456,0.0,2,1, 7,29, 1,11, 0.00, 5.00,Monday         
5456,0.0,2,1, 7,29, 1,11, 5.00,10.00,Monday         
5456,0.0,2,1, 7,29, 1,11,10.00,15.00,Monday         
5456,0.0,2,1, 7,29, 1,11,15.00,20.00,Monday         
5456,0.0,2,1, 7,29, 1,11,20.00,25.00,Monday         
5456,0.0,2,1, 7,29, 1,11,25.00,30.00,Monday         
5456,0.0,2,1, 7,29, 1,11,30.00,35.00,Monday         
5456,0.0,2,1, 7,29, 1,11,35.00,40.00,Monday         
5456,0.0,2,1, 7,29, 1,11,40.00,45.00,Monday         
5456,0.0,2,1, 7,29, 1,11,45.00,50.00,Monday         
5456,0.0,2,1, 7,29, 1,11,50.00,55.00,Monday         
5456,0.0,2,1, 7,29, 1,11,55.00,60.00,Monday         
5456,0.0,2,1, 7,29, 1,12, 0.00, 5.00,Monday         
5456,0.0,2,1, 7,29, 1,12, 5.00,10.00,Monday         
5456,0.0,2,1, 7,29, 1,12,10.00,15.00,Monday         
5456,0.0,2,1, 7,29, 1,12,15.00,20.00,Monday         
5456,0.0,2,1, 7,29, 1,12,20.00,25.00,Monday         
5456,0.0,2,1, 7,29, 1,12,25.00,30.00,Monday         
5456,0.0,2,1, 7,29, 1,12,30.00,35.00,Monday         
5456,0.0,2,1, 7,29, 1,12,35.00,40.00,Monday         
5456,0.0,2,1, 7,29, 1,12,40.00,45.00,Monday         
5456,0.0,2,1, 7,29, 1,12,45.00,50.00,Monday         
5456,0.0,2,1, 7,29, 1,12,50.00,55.00,Monday         
5456,0.0,2,1, 7,29, 1,12,55.00,60.00,Monday         
5456,0.0,2,1, 7,29, 1,13, 0.00, 5.00,Monday         
5456,0.0,2,1, 7,29, 1,13, 5.00,10.00,Monday         
5456,0.0,2,1, 7,29, 1,13,10.00,15.00,Monday         
5456,0.0,2,1, 7,29, 1,13,15.00,20.00,Monday         
5456,0.0,2,1, 7,29, 1,13,20.00,25.00,Monday         
5456,0.0,2,1, 7,29, 1,13,25.00,30.00,Monday         
5456,0.0,2,1, 7,29, 1,13,30.00,35.00,Monday         
5456,0.0,2,1, 7,29, 1,13,35.00,40.00,Monday         
5456,0.0,2,1, 7,29, 1,13,40.00,45.00,Monday         
5456,0.0,2,1, 7,29, 1,13,45.00,50.00,Monday         
5456,0.0,2,1, 7,29, 1,13,50.00,55.00,Monday         
5456,0.0,2,1, 7,29, 1,13,55.00,60.00,Monday         
5456,0.0,2,1, 7,29, 1,14, 0.00, 5.00,Monday         
5456,0.0,2,1, 7,29, 1,14, 5.00,10.00,Monday         
5456,0.0,2,1, 7,29, 1,14,10.00,15.00,Monday         
5456,0.0,2,1, 7,29, 1,14,15.00,20.00,Monday         
5456,0.0,2,1, 7,29, 1,14,20.00,25.00,Monday         
5456,0.0,2,1, 7,29, 1,14,25.00,30.00,Monday         
5456,0.0,2,1, 7,29, 1,14,30.00,35.00,Monday         
5456,0.0,2,1, 7,29, 1,14,35.00,40.00,Monday         
5456,0.0,2,1, 7,29, 1,14,40.00,45.00,Monday         
5456,0.0,2,1, 7,29, 1,14,45.00,50.00,Monday         
5456,0.0,2,1, 7,29, 1,14,50.00,55.00,Monday         
5456,0.0,2,1, 7,29, 1,14,55.00,60.00,Monday         
5456,0.0,2,1, 7,29, 1,15, 0.00, 5.00,Monday         
5456,0.0,2,1, 7,29, 1,15, 5.00,10.00,Monday         
5456,0.0,2,1, 7,29, 1,15,10.00,15.00,Monday         
5456,0.0,2,1, 7,29, 1,15,15.00,20.00,Monday         
5456,0.0,2,1, 7,29, 1,15,20.00,25.00,Monday         
5456,0.0,2,1, 7,29, 1,15,25.00,30.00,Monday         
5456,0.0,2,1, 7,29, 1,15,30.00,35.00,Monday         
5456,0.0,2,1, 7,29, 1,15,35.00,40.00,Monday         
5456,0.0,2,1, 7,29, 1,15,40.00,45.00,Monday         
5456,0.0,2,1, 7,29, 1,15,45.00,50.00,Monday         
5456,0.0,2,1, 7,29, 1,15,50.00,55.00,Monday         
5456,0.0,2,1, 7,29, 1,15,55.00,60.00,Monday         
5456,0.0,2,1, 7,29, 1,16, 0.00, 5.00,Monday         
5456,0.0,2,1, 7,29, 1,16, 5.00,10.00,Monday         
5456,0.0,2,1, 7,29, 1,16,10.00,15.00,Monday         
5456,0.0,2,1, 7,29, 1,16,15.00,20.00,Monday         
5456,0.0,2,1, 7,29, 1,16,20.00,25.00,Monday         
5456,0.0,2,1, 7,29, 1,16,25.00,30.00,Monday         
5456,0.0,2,1, 7,29, 1,16,30.00,35.00,Monday         
5456,0.0,2,1, 7,29, 1,16,35.00,40.00,Monday         
5456,0.0,2,1, 7,29, 1,16,40.00,45.00,Monday         
5456,0.0,2,1, 7,29, 1,16,45.00,50.00,Monday         
5456,0.0,2,1, 7,29, 1,16,50.00,55.00,Monday         
5456,0.0,2,1, 7,29, 1,16,55.00,60.00,Monday         
5456,0.0,2,1, 7,29, 1,17, 0.00, 5.00,Monday         
5456,0.0,2,1, 7,29, 1,17, 5.00,10.00,Monday         
5456,0.0,2,1, 7,29, 1,17,10.00,15.00,Monday         
5456,0.0,2,1, 7,29, 1,17,15.00,20.00,Monday         
5456,0.0,2,1, 7,29, 1,17,20.00,25.00,Monday         
5456,0.0,2,1, 7,29, 1,17,25.00,30.00,Monday         
5456,0.0,2,1, 7,29, 1,17,30.00,35.00,Monday         
5456,0.0,2,1, 7,29, 1,17,35.00,40.00,Monday         
5456,0.0,2,1, 7,29, 1,17,40.00,45.00,Monday         
5456,0.0,2,1, 7,29, 1,17,45.00,50.00,Monday         
5456,0.0,2,1, 7,29, 1,17,50.00,55.00,Monday         
5456,0.0,2,1, 7,29, 1,17,55.00,60.00,Monday         
5456,0.0,2,1, 7,29, 1,18, 0.00, 5.00,Monday         
5456,0.0,2,1, 7,29, 1,18, 5.00,10.00,Monday         
5456,0.0,2,1, 7,29, 1,18,10.00,15.00,Monday         
5456,0.0,2,1, 7,29, 1,18,15.00,20.00,Monday         
5456,0.0,2,1, 7,29, 1,18,20.00,25.00,Monday         
5456,0.0,2,1, 7,29, 1,18,25.00,30.00,Monday         
5456,0.0,2,1, 7,29, 1,18,30.00,35.00,Monday         
5456,0.0,2,1, 7,29, 1,18,35.00,40.00,Monday         
5456,0.0,2,1, 7,29, 1,18,40.00,45.00,Monday         
5456,0.0,2,1, 7,29, 1,18,45.00,50.00,Monday         
5456,0.0,2,1, 7,29, 1,18,50.00,55.00,Monday         
5456,0.0,2,1, 7,29, 1,18,55.00,60.00,Monday         
5456,0.0,2,1, 7,29, 1,19, 0.00, 5.00,Monday         
5456,0.0,2,1, 7,29, 1,19, 5.00,10.00,Monday         
5456,0.0,2,1, 7,29, 1,19,10.00,15.00,Monday         
5456,0.0,2,1, 7,29, 1,19,15.00,20.00,Monday         
5456,0.0,2,1, 7,29, 1,19,20.00,25.00,Monday         
5456,0.0,2,1, 7,29, 1,19,25.00,30.00,Monday         
5456,0.0,2,1, 7,29, 1,19,30.00,35.00,Monday         
5456,0.0,2,1, 7,29, 1,19,35.00,40.00,Monday         
5456,0.0,2,1, 7,29, 1,19,40.00,45.00,Monday         
5456,0.0,2,1, 7,29, 1,19,45.00,50.00,Monday         
5456,0.0,2,1, 7,29, 1,19,50.00,55.00,Monday         
5456,0.0,2,1, 7,29, 1,19,55.00,60.00,Monday         
5456,0.0,2,1, 7,29, 1,20, 0.00, 5.00,Monday         
5456,0.0,2,1, 7,29, 1,20, 5.00,10.00,Monday         
5456,0.0,2,1, 7,29, 1,20,10.00,15.00,Monday         
5456,0.0,2,1, 7,29, 1,20,15.00,20.00,Monday         
5456,0.0,2,1, 7,29, 1,20,20.00,25.00,Monday         
5456,0.0,2,1, 7,29, 1,20,25.00,30.00,Monday         
5456,0.0,2,1, 7,29, 1,20,30.00,35.00,Monday         
5456,0.0,2,1, 7,29, 1,20,35.00,40.00,Monday         
5456,0.0,2,1, 7,29, 1,20,40.00,45.00,Monday         
5456,0.0,2,1, 7,29, 1,20,45.00,50.00,Monday         
5456,0.0,2,1, 7,29, 1,20,50.00,55.00,Monday         
5456,0.0,2,1, 7,29, 1,20,55.00,60.00,Monday         
5456,0.0,2,1, 7,29, 1,21, 0.00, 5.00,Monday         
5456,0.0,2,1, 7,29, 1,21, 5.00,10.00,Monday         
5456,0.0,2,1, 7,29, 1,21,10.00,15.00,Monday         
5456,0.0,2,1, 7,29, 1,21,15.00,20.00,Monday         
5456,0.0,2,1, 7,29, 1,21,20.00,25.00,Monday         
5456,0.0,2,1, 7,29, 1,21,25.00,30.00,Monday         
5456,0.0,2,1, 7,29, 1,21,30.00,35.00,Monday         
5456,0.0,2,1, 7,29, 1,21,35.00,40.00,Monday         
5456,0.0,2,1, 7,29, 1,21,40.00,45.00,Monday         
5456,0.0,2,1, 7,29, 1,21,45.00,50.00,Monday         
5456,0.0,2,1, 7,29, 1,21,50.00,55.00,Monday         
5456,0.0,2,1, 7,29, 1,21,55.00,60.00,Monday         
5456,0.0,2,1, 7,29, 1,22, 0.00, 5.00,Monday         
5456,0.0,2,1, 7,29, 1,22, 5.00,10.00,Monday         
5456,0.0,2,1, 7,29, 1,22,10.00,15.00,Monday         
5456,0.0,2,1, 7,29, 1,22,15.00,20.00,Monday         
5456,0.0,2,1, 7,29, 1,22,20.00,25.00,Monday         
5456,0.0,2,1, 7,29, 1,22,25.00,30.00,Monday         
5456,0.0,2,1, 7,29, 1,22,30.00,35.00,Monday         
5456,0.0,2,1, 7,29, 1,22,35.00,40.00,Monday         
5456,0.0,2,1, 7,29, 1,22,40.00,45.00,Monday         
5456,0.0,2,1, 7,29, 1,22,45.00,50.00,Monday         
5456,0.0,2,1, 7,29, 1,22,50.00,55.00,Monday         
5456,0.0,2,1, 7,29, 1,22,55.00,60.00,Monday         
5456,0.0,2,1, 7,29, 1,23, 0.00, 5.00,Monday         
5456,0.0,2,1, 7,29, 1,23, 5.00,10.00,Monday         
5456,0.0,2,1, 7,29, 1,23,10.00,15.00,Monday         
5456,0.0,2,1, 7,29, 1,23,15.00,20.00,Monday         
5456,0.0,2,1, 7,29, 1,23,20.00,25.00,Monday         
5456,0.0,2,1, 7,29, 1,23,25.00,30.00,Monday         
5456,0.0,2,1, 7,29, 1,23,30.00,35.00,Monday         
5456,0.0,2,1, 7,29, 1,23,35.00,40.00,Monday         
5456,0.0,2,1, 7,29, 1,23,40.00,45.00,Monday         
5456,0.0,2,1, 7,29, 1,23,45.00,50.00,Monday         
5456,0.0,2,1, 7,29, 1,23,50.00,55.00,Monday         
5456,0.0,2,1, 7,29, 1,23,55.00,60.00,Monday         
5456,0.0,2,1, 7,29, 1,24, 0.00, 5.00,Monday         
5456,0.0,2,1, 7,29, 1,24, 5.00,10.00,Monday         
5456,0.0,2,1, 7,29, 1,24,10.00,15.00,Monday         
5456,0.0,2,1, 7,29, 1,24,15.00,20.00,Monday         
5456,0.0,2,1, 7,29, 1,24,20.00,25.00,Monday         
5456,0.0,2,1, 7,29, 1,24,25.00,30.00,Monday         
5456,0.0,2,1, 7,29, 1,24,30.00,35.00,Monday         
5456,0.0,2,1, 7,29, 1,24,35.00,40.00,Monday         
5456,0.0,2,1, 7,29, 1,24,40.00,45.00,Monday         
5456,0.0,2,1, 7,29, 1,24,45.00,50.00,Monday         
5456,0.0,2,1, 7,29, 1,24,50.00,55.00,Monday         
5456,0.0,2,1, 7,29, 1,24,55.00,60.00,Monday         
